h = 0.1661660346583682
d = 0.8338339653416318
